00110100001010100101010101010101
00110100010001100001001000110100
00110100001010100101010101010101
00110100010001100001001000110100
00110100001010100101010101010101
00110100010001100001001000110100
00110100001010100101010101010101
00110100010001100001001000110100
00110100001010100101010101010101
00110100010001100001001000110100
00110100001010100101010101010101
00110100010001100001001000110100
00110100001010100101010101010101
00110100010001100001001000110100
00110100001010100101010101010101
00110100010001100001001000110100
00110100001010100101010101010101
00110100010001100001001000110100
00110100001010100101010101010101
00110100010001100001001000110100
00110100001010100101010101010101
00110100010001100001001000110100
00110100001010100101010101010101
00110100010001100001001000110100
00110100001010100101010101010101
00110100010001100001001000110100
00110100001010100101010101010101
00110100010001100001001000110100
00110100001010100101010101010101
00110100010001100001001000110100
00110100001010100101010101010101
00110100010001100001001000110100
00110100001010100101010101010101
00110100010001100001001000110100
00110100001010100101010101010101
00110100010001100001001000110100
00110100001010100101010101010101
00110100010001100001001000110100
00110100001010100101010101010101
00110100010001100001001000110100
00110100001010100101010101010101
00110100010001100001001000110100
00110100001010100101010101010101
00110100010001100001001000110100
00110100001010100101010101010101
00110100010001100001001000110100
00110100001010100101010101010101
00110100010001100001001000110100
00110100001010100101010101010101
00110100010001100001001000110100
00110100001010100101010101010101
00110100010001100001001000110100
00110100001010100101010101010101
00110100010001100001001000110100
00110100001010100101010101010101
00110100010001100001001000110100
00110100001010100101010101010101
00110100010001100001001000110100
00110100001010100101010101010101
00110100010001100001001000110100
00110100001010100101010101010101
00110100010001100001001000110100
00110100001010100101010101010101
00110100010001100001001000110100
